POST /collect HTTP/1.1
Host: b.clarity.ms
Cookie: MUID=08E9BC3E447E66CB00ADAA7845346719
User-Agent: Mozilla/5.0 (Windows NT 10.0; Win64; x64; rv:142.0) Gecko/20100101 Firefox/142.0
Accept: */*
Accept-Language: pt-BR,pt;q=0.8,en-US;q=0.5,en;q=0.3
Accept-Encoding: gzip, deflate
Referer: https://www.zeroum.bet/
Content-Type: text/plain;charset=UTF-8
Content-Length: 1399
Origin: https://www.zeroum.bet
Sec-Fetch-Dest: empty
Sec-Fetch-Mode: cors
Sec-Fetch-Site: cross-site
Te: trailers
Connection: close

{"e":["0.8.26",2,109,2858,"rjz72wzpkd","16g1myi","1iq87hw",5,0,0,0,"https://www.zeroum.bet/cassino-online/provedores/pragmaticplay/tourosortudo"],"a":[[106,12,361,903,614],[122,12,361,895,612],[138,12,361,887,610],[169,12,361,845,595],[169,12,361,827,588],[201,12,330,776,566],[216,12,360,747,552],[231,12,360,728,539],[248,12,360,713,528],[263,12,360,703,518],[278,12,266,698,512],[294,12,266,696,508],[310,12,266,693,503],[325,12,266,692,501],[373,12,266,691,501],[387,12,266,689,503],[404,12,266,682,507],[434,12,266,676,510],[450,12,266,662,512],[467,12,360,655,513],[481,12,360,650,514],[513,12,360,650,515],[544,12,360,656,516],[560,12,360,661,519],[825,12,360,658,520],[841,12,360,653,520],[873,12,360,647,520],[887,12,360,643,520],[903,12,360,641,520],[919,12,360,639,520],[1137,12,360,638,519],[1137,12,360,638,518],[1169,12,360,638,516],[1200,12,360,638,515],[1403,12,360,638,514],[1434,12,360,638,513],[2060,12,360,638,515],[2076,12,360,641,529],[2106,12,361,651,576],[2122,12,149,656,646],[2138,12,149,656,706],[2153,12,149,659,772],[2169,12,149,664,825],[2185,12,149,668,856],[2200,12,149,669,880],[2216,12,97,671,896],[2232,12,97,671,914],[2248,12,97,670,923],[2263,12,131,668,933],[2278,12,97,664,943],[2294,12,80,663,948],[2310,12,80,662,953],[109,4,1,1127,1945,1127,954,0,0,904,614,14339,0,15009,904,614,15009,null,null,null,null,null,null,904,619,14994],[2967,0,2,1173,4,7,25,55]]}