POST /collect HTTP/1.1
Host: b.clarity.ms
Cookie: MUID=08E9BC3E447E66CB00ADAA7845346719
User-Agent: Mozilla/5.0 (Windows NT 10.0; Win64; x64; rv:142.0) Gecko/20100101 Firefox/142.0
Accept: */*
Accept-Language: pt-BR,pt;q=0.8,en-US;q=0.5,en;q=0.3
Accept-Encoding: gzip, deflate
Referer: https://www.zeroum.bet/
Content-Type: text/plain;charset=UTF-8
Content-Length: 1867
Origin: https://www.zeroum.bet
Sec-Fetch-Dest: empty
Sec-Fetch-Mode: no-cors
Sec-Fetch-Site: cross-site
Priority: u=6
Te: trailers
Connection: close

{"e":["0.8.26",9,31499,1912,"rjz72wzpkd","16g1myi","o2xhee",1,1,1,0,"https://www.zeroum.bet/"],"a":[[30813,12,3,986,159],[30829,12,517,947,154],[30844,12,517,924,152],[30860,12,517,919,150],[30876,12,517,918,149],[30921,12,517,918,148],[30954,12,517,917,144],[30968,12,517,917,136],[30985,12,517,917,127],[31000,12,517,918,116],[31016,12,517,918,110],[31032,12,517,918,105],[31047,12,517,918,100],[31063,12,517,918,96],[31079,12,517,918,93],[31094,12,517,918,87],[31110,12,517,919,80],[31141,12,517,919,75],[31157,12,517,920,74],[31188,12,517,920,71],[31188,12,517,920,70],[31219,12,517,921,69],[31235,12,517,922,68],[31297,12,517,922,67],[31313,12,517,924,66],[31391,12,517,912,76],[31407,12,517,859,79],[31422,12,517,788,78],[31438,12,517,724,71],[31454,12,517,678,67],[31469,12,515,653,66],[31485,12,515,638,66],[31501,12,515,635,66],[31546,12,515,638,66],[31563,12,515,645,66],[31578,12,515,655,63],[31594,12,351,670,61],[31610,12,262,672,61],[31719,12,517,673,61],[31735,12,517,676,64],[31765,12,351,671,64],[31782,12,515,635,64],[31796,12,515,582,56],[31813,12,88,504,38],[31828,12,88,442,30],[31844,12,88,371,19],[31859,12,88,298,9],[31876,12,88,251,2],[33401,26,"pagehide",0],[31499,4,1,978,4002,978,954,0,0,989,198,29676,0,19829,989,198,19829,470,901,19296,470,901,19360,765,198,19812],[33411,0,2,530,3,2,4,5,5,3,25,54],[33411,36,6,[32677,0,32893,0]]],"p":[[32677,6,259,201,258,"SWIPER-SLIDE","class=ips-banner-slide","style=margin-right: 10px;","role=group",260,201,259,[5],"class=ips-banner-slide swiper-slide-prev",[7,8],261,201,260,[5],"class=ips-banner-slide swiper-slide-active",[7,8],262,201,261,[5],"class=ips-banner-slide swiper-slide-next",[7,8]],[32677,6,524,351,523,"DIV","class=swiper-wrapper","part=wrapper","id=swiper-wrapper-6fd51b9b7cd714810","aria-live=off","style=transform: translate3d(-2970px, 0px, 0px); transition-duration: 1000ms;"]]}