POST /collect HTTP/1.1
Host: b.clarity.ms
Cookie: MUID=08E9BC3E447E66CB00ADAA7845346719
User-Agent: Mozilla/5.0 (Windows NT 10.0; Win64; x64; rv:142.0) Gecko/20100101 Firefox/142.0
Accept: */*
Accept-Language: pt-BR,pt;q=0.8,en-US;q=0.5,en;q=0.3
Accept-Encoding: gzip, deflate
Referer: https://app.sejaefi.com.br/
Content-Type: text/plain;charset=UTF-8
Content-Length: 982
Origin: https://app.sejaefi.com.br
Sec-Fetch-Dest: empty
Sec-Fetch-Mode: no-cors
Sec-Fetch-Site: cross-site
Priority: u=6
Te: trailers
Connection: close

{"e":["0.8.26",4,12104,3010,"g0r6pkqi91","103nrd5","oa8g9m",2,1,1,0,"https://app.sejaefi.com.br/pix/fazer-pix/chave"],"a":[[11618,12,776,650,683],[11635,12,776,651,681],[11651,12,776,652,679],[11665,12,776,653,678],[11682,12,776,653,677],[11697,12,776,654,676],[11713,12,776,655,675],[11729,12,776,656,674],[11744,12,776,657,672],[11760,12,776,659,669],[11776,12,776,662,666],[11806,12,776,668,659],[11822,12,776,669,657],[11838,12,776,673,653],[12026,12,776,675,653],[12057,12,646,686,648],[12071,12,646,690,645],[12088,12,646,696,636],[12104,12,694,702,630],[12119,12,694,718,620],[12135,12,694,736,613],[12151,12,694,752,604],[12353,12,694,753,604],[12479,12,694,752,603],[12493,12,694,752,602],[12526,12,694,752,600],[12557,12,694,751,599],[12619,12,694,751,598],[12666,12,694,750,596],[13824,2,1,1,0],[15113,2,1,2,0],[12104,4,1,1144,954,1144,954,1282,0,649,685,11368,12241,11354,649,685,11026,649,685,11276,649,685,11354,649,685,11354],[15114,0,2,1463,4,2,25,34],[15114,35,3]]}