POST /collect HTTP/1.1
Host: b.clarity.ms
Cookie: MUID=08E9BC3E447E66CB00ADAA7845346719
User-Agent: Mozilla/5.0 (Windows NT 10.0; Win64; x64; rv:142.0) Gecko/20100101 Firefox/142.0
Accept: */*
Accept-Language: pt-BR,pt;q=0.8,en-US;q=0.5,en;q=0.3
Accept-Encoding: gzip, deflate
Referer: https://www.zeroum.bet/
Content-Type: text/plain;charset=UTF-8
Content-Length: 1916
Origin: https://www.zeroum.bet
Sec-Fetch-Dest: empty
Sec-Fetch-Mode: no-cors
Sec-Fetch-Site: cross-site
Priority: u=6
Te: trailers
Connection: close

{"e":["0.8.26",4,9136,5913,"rjz72wzpkd","16g1myi","1iq87hw",4,1,1,0,"https://www.zeroum.bet/cassino-online/provedores/pragmaticplay/tourosortudo"],"a":[[11212,12,1813,1097,388],[11228,12,1813,1054,424],[11243,12,1810,1010,456],[11260,12,1810,972,481],[11290,12,1811,947,497],[11307,12,1811,936,510],[11321,12,938,928,521],[11338,12,938,927,527],[11354,12,938,927,531],[11368,12,938,927,534],[11384,12,938,927,536],[11401,12,938,927,537],[11415,12,130,927,538],[11807,12,130,929,538],[11838,12,130,930,538],[11901,12,130,931,538],[11946,12,130,931,540],[11963,12,130,931,548],[11979,12,220,932,555],[12010,12,220,938,564],[12026,12,220,942,563],[12197,12,220,943,563],[12260,12,220,940,565],[12276,12,220,937,572],[12291,12,422,933,582],[12321,12,2343,928,594],[12337,12,2343,924,602],[12353,12,2343,920,613],[12369,12,2343,918,620],[12384,12,2343,918,628],[12400,12,2343,918,632],[12416,12,2343,919,646],[12431,12,2343,921,653],[12446,12,2343,922,659],[12479,12,2343,922,664],[12493,12,2343,922,668],[12525,12,2343,923,669],[13682,9,2343,923,669,8737,17915,0,1,0,"Touro Sortudo",null,"3o9eup6wg.36sse97jf",1,1],[14509,12,2343,923,668],[14525,12,2343,924,666],[14541,12,2343,924,664],[14556,12,2343,924,663],[14665,12,2343,924,662],[14682,12,2343,924,660],[14697,12,2343,924,659],[14713,12,2343,924,658],[14760,12,2343,924,657],[14791,12,2343,924,656],[14821,12,2343,924,654],[14837,12,2343,924,653],[14854,12,2343,924,651],[14869,12,2343,924,650],[14885,12,2343,923,647],[14901,12,2343,922,647],[14916,12,2343,915,638],[14932,12,2343,911,631],[14947,12,2343,909,628],[14962,12,2343,906,624],[14994,12,2343,904,619],[15009,12,2343,904,614],[9136,4,1,1127,4500,1127,954,0,0,1093,463,8939,0,8243,1093,463,8243,null,null,null,null,null,null,1023,487,8229],[15049,0,2,821,3,7,4,36,5,23,25,73,28,1441],[15049,36,6,[9307,0,9966,0,10311,0,11325,0,12328,0,12977,1,13333,0,13693,83,13984,0,14157,5,14339,0,14543,48,14924,8]]]}